$ANSIBLE_VAULT;1.1;AES256
36666535653061393532316336363736663030346239393135313535376335633639383962323231
3665313431326438346138363837366263623134363530390a633962363431633432316539383530
31613630643730386234373533396166663533363039303565376463636439323465326430623261
3862396361363961300a623334333365623063613838646434623665393932333833643830343464
61613630616262316134363861653961303039643235633361386666303935393564343337653362
63326134623337353338356339373561623931623034653638636439326462353430393533323038
61323537643739663666393066386264316331303961373631656263353765343630653435333366
33333135663366343966353366653435643962646338376132666164303263323866316461303831
38643034633565353036353334363930373631373338623534653261333963333434346433343537
62393232373231386337343133356566383362626261343166343035353161663032633637363933
33333736383866306563613366393737643562326435663737363530616666336666353962336335
62376436386435363337666231393262313461353235633961626136383935623937323735613864
38376430643238616263343438303261643562336462643061626262636166373634373737313766
3966633063633861656132363836383539626431653134386433
